                  0.00740760255751239140
                 -1.06184893391859924705
                  0.03407518553418033974
                  2.11225169673515367208
                  1.03519834757209516773
                 -1.44059798726324017615
                  0.38599392257434883557
                 -0.05822994374581595689
                  0.10464355190783479477
                 -1.07646221505010819541
                  0.02997956542316410414
                 -0.80808583962608782070
                  0.12934528489269025986
                 -3.22534672566445435038
                 -0.17614639680562924062
                  0.59030775734408791333
                 -0.04352349549693163705
                  0.05374640601372415033
                  0.00181617158071354940
                  0.50439400089931463178
                 -1.05713562062302357525
                  0.12880417707277963535
                  8.76608805572802829431
                  3.34620981421172292158
                  0.01066176050859502476
                 -2.77126241009095419798
                  5.48523127088676520913
                 -0.41625306820898322346
                  1.55876684596599113242
                  2.84050518611555569137
                  0.60634315672406113862
                 -0.23891426005354365891
                 -0.13869531093455025883
                  0.49441407050288010971
                 -0.20793290164063044090
                  7.13301965875163546116
                  0.19302897412174965797
                 -0.16767885804858881360
                 -0.33024426839218612439
                 -0.32455057949692012187
                 -0.02214844008687667093
