     ATOMS       BOND LENGTH(A)
     1   2           1.02013
     1   3           1.16197
     1   4           1.03916
     1   5           1.02811
     ATOMS       BOND LENGTH(A)
     1   2           1.05936
     1   3           1.26732
     1   4           1.03042
     1   5           1.05469
     ATOMS       BOND LENGTH(A)
     1   2           1.12205
     1   3           1.30221
     1   4           1.02326
     1   5           1.09079
     ATOMS       BOND LENGTH(A)
     1   2           1.14085
     1   3           1.29275
     1   4           1.03250
     1   5           1.12554
     ATOMS       BOND LENGTH(A)
     1   2           1.16898
     1   3           1.17689
     1   4           1.03978
     1   5           1.15466
     ATOMS       BOND LENGTH(A)
     1   2           1.16607
     1   3           1.05849
     1   4           1.04925
     1   5           1.16505
     ATOMS       BOND LENGTH(A)
     1   2           1.16280
     1   3           0.93377
     1   4           1.07427
     1   5           1.15744
     ATOMS       BOND LENGTH(A)
     1   2           1.16074
     1   3           0.96072
     1   4           1.10231
     1   5           1.14026
     ATOMS       BOND LENGTH(A)
     1   2           1.12198
     1   3           1.11885
     1   4           1.14712
     1   5           1.11847
     ATOMS       BOND LENGTH(A)
     1   2           1.11460
     1   3           1.22303
     1   4           1.18710
     1   5           1.10556
     ATOMS       BOND LENGTH(A)
     1   2           1.07799
     1   3           1.27886
     1   4           1.19236
     1   5           1.09406
     ATOMS       BOND LENGTH(A)
     1   2           1.03882
     1   3           1.27710
     1   4           1.16620
     1   5           1.05557
     ATOMS       BOND LENGTH(A)
     1   2           1.01470
     1   3           1.21473
     1   4           1.09952
     1   5           1.01549
     ATOMS       BOND LENGTH(A)
     1   2           0.99440
     1   3           1.15147
     1   4           1.06250
     1   5           1.00133
     ATOMS       BOND LENGTH(A)
     1   2           1.02860
     1   3           1.05529
     1   4           1.06376
     1   5           1.02371
     ATOMS       BOND LENGTH(A)
     1   2           1.13829
     1   3           1.00129
     1   4           1.05682
     1   5           1.06862
     ATOMS       BOND LENGTH(A)
     1   2           1.20173
     1   3           0.98639
     1   4           1.08217
     1   5           1.13524
     ATOMS       BOND LENGTH(A)
     1   2           1.28047
     1   3           1.01379
     1   4           1.08881
     1   5           1.18563
     ATOMS       BOND LENGTH(A)
     1   2           1.25611
     1   3           1.07495
     1   4           1.09454
     1   5           1.23414
     ATOMS       BOND LENGTH(A)
     1   2           1.21946
     1   3           1.12371
     1   4           1.09566
     1   5           1.20261
     ATOMS       BOND LENGTH(A)
     1   2           1.10339
     1   3           1.13969
     1   4           1.06617
     1   5           1.17422
     ATOMS       BOND LENGTH(A)
     1   2           0.98706
     1   3           1.16392
     1   4           1.04899
     1   5           1.08915
     ATOMS       BOND LENGTH(A)
     1   2           0.94476
     1   3           1.16511
     1   4           1.05533
     1   5           1.03211
     ATOMS       BOND LENGTH(A)
     1   2           1.02321
     1   3           1.18049
     1   4           1.07848
     1   5           1.02432
     ATOMS       BOND LENGTH(A)
     1   2           1.14763
     1   3           1.18881
     1   4           1.13306
     1   5           1.02964
     ATOMS       BOND LENGTH(A)
     1   2           1.27617
     1   3           1.18764
     1   4           1.14380
     1   5           1.04148
     ATOMS       BOND LENGTH(A)
     1   2           1.29397
     1   3           1.16355
     1   4           1.14599
     1   5           1.05739
     ATOMS       BOND LENGTH(A)
     1   2           1.26295
     1   3           1.10266
     1   4           1.14695
     1   5           1.05359
     ATOMS       BOND LENGTH(A)
     1   2           1.15077
     1   3           1.04274
     1   4           1.11626
     1   5           1.05978
     ATOMS       BOND LENGTH(A)
     1   2           1.04600
     1   3           0.97112
     1   4           1.10268
     1   5           1.07608
     ATOMS       BOND LENGTH(A)
     1   2           0.98844
     1   3           0.97552
     1   4           1.07667
     1   5           1.10714
     ATOMS       BOND LENGTH(A)
     1   2           0.97486
     1   3           1.06436
     1   4           1.07750
     1   5           1.16794
     ATOMS       BOND LENGTH(A)
     1   2           1.03061
     1   3           1.17708
     1   4           1.09059
     1   5           1.20083
     ATOMS       BOND LENGTH(A)
     1   2           1.10496
     1   3           1.25634
     1   4           1.09561
     1   5           1.22948
     ATOMS       BOND LENGTH(A)
     1   2           1.14075
     1   3           1.29213
     1   4           1.10339
     1   5           1.19211
     ATOMS       BOND LENGTH(A)
     1   2           1.17830
     1   3           1.24233
     1   4           1.07304
     1   5           1.13876
     ATOMS       BOND LENGTH(A)
     1   2           1.17272
     1   3           1.14961
     1   4           1.04120
     1   5           1.05967
     ATOMS       BOND LENGTH(A)
     1   2           1.16702
     1   3           1.02638
     1   4           1.03708
     1   5           0.99031
     ATOMS       BOND LENGTH(A)
     1   2           1.16545
     1   3           0.96221
     1   4           1.04068
     1   5           0.98320
     ATOMS       BOND LENGTH(A)
     1   2           1.16618
     1   3           1.00226
     1   4           1.06957
     1   5           1.02888
     ATOMS       BOND LENGTH(A)
     1   2           1.17142
     1   3           1.08253
     1   4           1.11848
     1   5           1.10118
     ATOMS       BOND LENGTH(A)
     1   2           1.14163
     1   3           1.17113
     1   4           1.15140
     1   5           1.17498
     ATOMS       BOND LENGTH(A)
     1   2           1.11973
     1   3           1.19689
     1   4           1.17939
     1   5           1.20580
     ATOMS       BOND LENGTH(A)
     1   2           1.06564
     1   3           1.19898
     1   4           1.15528
     1   5           1.21159
     ATOMS       BOND LENGTH(A)
     1   2           0.99460
     1   3           1.16743
     1   4           1.12431
     1   5           1.18876
     ATOMS       BOND LENGTH(A)
     1   2           0.97277
     1   3           1.12072
     1   4           1.06556
     1   5           1.13510
     ATOMS       BOND LENGTH(A)
     1   2           1.03397
     1   3           1.09222
     1   4           1.03638
     1   5           1.08450
     ATOMS       BOND LENGTH(A)
     1   2           1.15690
     1   3           1.08764
     1   4           1.03853
     1   5           1.02096
     ATOMS       BOND LENGTH(A)
     1   2           1.30771
     1   3           1.07247
     1   4           1.03997
     1   5           1.01011
     ATOMS       BOND LENGTH(A)
     1   2           1.33292
     1   3           1.06788
     1   4           1.06050
     1   5           1.03482
     ATOMS       BOND LENGTH(A)
     1   2           1.29719
     1   3           1.05978
     1   4           1.09125
     1   5           1.04853
     ATOMS       BOND LENGTH(A)
     1   2           1.13739
     1   3           1.05113
     1   4           1.12147
     1   5           1.09965
     ATOMS       BOND LENGTH(A)
     1   2           0.99330
     1   3           1.06653
     1   4           1.15579
     1   5           1.11494
     ATOMS       BOND LENGTH(A)
     1   2           0.93299
     1   3           1.09305
     1   4           1.16032
     1   5           1.14103
     ATOMS       BOND LENGTH(A)
     1   2           1.01760
     1   3           1.10247
     1   4           1.15927
     1   5           1.18266
     ATOMS       BOND LENGTH(A)
     1   2           1.14786
     1   3           1.12248
     1   4           1.14197
     1   5           1.18156
     ATOMS       BOND LENGTH(A)
     1   2           1.25226
     1   3           1.09737
     1   4           1.11337
     1   5           1.18771
     ATOMS       BOND LENGTH(A)
     1   2           1.26983
     1   3           1.08186
     1   4           1.09222
     1   5           1.13912
     ATOMS       BOND LENGTH(A)
     1   2           1.24360
     1   3           1.06987
     1   4           1.03543
     1   5           1.09133
     ATOMS       BOND LENGTH(A)
     1   2           1.15965
     1   3           1.06676
     1   4           1.00809
     1   5           1.04051
     ATOMS       BOND LENGTH(A)
     1   2           1.10700
     1   3           1.09270
     1   4           1.00840
     1   5           0.99997
     ATOMS       BOND LENGTH(A)
     1   2           1.06456
     1   3           1.13076
     1   4           1.03591
     1   5           1.01593
     ATOMS       BOND LENGTH(A)
     1   2           1.04338
     1   3           1.15308
     1   4           1.10620
     1   5           1.08765
     ATOMS       BOND LENGTH(A)
     1   2           1.04655
     1   3           1.18189
     1   4           1.15486
     1   5           1.14290
     ATOMS       BOND LENGTH(A)
     1   2           1.02055
     1   3           1.16240
     1   4           1.21044
     1   5           1.21445
     ATOMS       BOND LENGTH(A)
     1   2           1.02148
     1   3           1.14858
     1   4           1.22761
     1   5           1.19391
     ATOMS       BOND LENGTH(A)
     1   2           1.03427
     1   3           1.09346
     1   4           1.19310
     1   5           1.15603
     ATOMS       BOND LENGTH(A)
     1   2           1.05964
     1   3           1.04156
     1   4           1.12653
     1   5           1.08920
     ATOMS       BOND LENGTH(A)
     1   2           1.10688
     1   3           1.01572
     1   4           1.02962
     1   5           1.04626
     ATOMS       BOND LENGTH(A)
     1   2           1.17185
     1   3           0.99909
     1   4           1.00000
     1   5           1.04622
     ATOMS       BOND LENGTH(A)
     1   2           1.21678
     1   3           1.04067
     1   4           1.03482
     1   5           1.06178
     ATOMS       BOND LENGTH(A)
     1   2           1.25014
     1   3           1.13438
     1   4           1.07512
     1   5           1.07941
     ATOMS       BOND LENGTH(A)
     1   2           1.22978
     1   3           1.20011
     1   4           1.12106
     1   5           1.09757
     ATOMS       BOND LENGTH(A)
     1   2           1.19473
     1   3           1.25200
     1   4           1.12992
     1   5           1.09310
     ATOMS       BOND LENGTH(A)
     1   2           1.11269
     1   3           1.22619
     1   4           1.12264
     1   5           1.09034
     ATOMS       BOND LENGTH(A)
     1   2           0.99460
     1   3           1.16279
     1   4           1.12827
     1   5           1.08692
     ATOMS       BOND LENGTH(A)
     1   2           0.95649
     1   3           1.07210
     1   4           1.11093
     1   5           1.07973
     ATOMS       BOND LENGTH(A)
     1   2           1.03443
     1   3           1.01172
     1   4           1.11164
     1   5           1.08584
     ATOMS       BOND LENGTH(A)
     1   2           1.17458
     1   3           0.99417
     1   4           1.11045
     1   5           1.10099
     ATOMS       BOND LENGTH(A)
     1   2           1.31056
     1   3           1.00153
     1   4           1.12159
     1   5           1.10151
     ATOMS       BOND LENGTH(A)
     1   2           1.32697
     1   3           1.02843
     1   4           1.12655
     1   5           1.09947
     ATOMS       BOND LENGTH(A)
     1   2           1.27841
     1   3           1.07593
     1   4           1.09656
     1   5           1.08813
     ATOMS       BOND LENGTH(A)
     1   2           1.13025
     1   3           1.10517
     1   4           1.08011
     1   5           1.08874
     ATOMS       BOND LENGTH(A)
     1   2           0.99447
     1   3           1.15199
     1   4           1.04569
     1   5           1.09340
     ATOMS       BOND LENGTH(A)
     1   2           0.93846
     1   3           1.17914
     1   4           1.04921
     1   5           1.10965
     ATOMS       BOND LENGTH(A)
     1   2           1.01311
     1   3           1.21552
     1   4           1.08307
     1   5           1.12569
     ATOMS       BOND LENGTH(A)
     1   2           1.12869
     1   3           1.24127
     1   4           1.10469
     1   5           1.13470
     ATOMS       BOND LENGTH(A)
     1   2           1.25538
     1   3           1.20251
     1   4           1.11397
     1   5           1.12199
     ATOMS       BOND LENGTH(A)
     1   2           1.26944
     1   3           1.14625
     1   4           1.10543
     1   5           1.10338
     ATOMS       BOND LENGTH(A)
     1   2           1.27372
     1   3           1.01450
     1   4           1.08418
     1   5           1.07038
     ATOMS       BOND LENGTH(A)
     1   2           1.18070
     1   3           0.94389
     1   4           1.07479
     1   5           1.04990
     ATOMS       BOND LENGTH(A)
     1   2           1.11050
     1   3           0.99521
     1   4           1.05496
     1   5           1.02874
     ATOMS       BOND LENGTH(A)
     1   2           1.03339
     1   3           1.11683
     1   4           1.06314
     1   5           1.04174
     ATOMS       BOND LENGTH(A)
     1   2           1.01155
     1   3           1.25373
     1   4           1.08416
     1   5           1.06281
     ATOMS       BOND LENGTH(A)
     1   2           1.01848
     1   3           1.32542
     1   4           1.11359
     1   5           1.08914
     ATOMS       BOND LENGTH(A)
     1   2           1.01731
     1   3           1.32567
     1   4           1.14786
     1   5           1.11791
     ATOMS       BOND LENGTH(A)
     1   2           1.02717
     1   3           1.22918
     1   4           1.14610
     1   5           1.14502
     ATOMS       BOND LENGTH(A)
     1   2           1.06394
     1   3           1.05847
     1   4           1.13393
     1   5           1.14793
     ATOMS       BOND LENGTH(A)
     1   2           1.09804
     1   3           0.92495
     1   4           1.11404
     1   5           1.16336
     ATOMS       BOND LENGTH(A)
     1   2           1.15539
     1   3           0.99099
     1   4           1.11144
     1   5           1.14658
     ATOMS       BOND LENGTH(A)
     1   2           1.18098
     1   3           1.13936
     1   4           1.11121
     1   5           1.15260
     ATOMS       BOND LENGTH(A)
     1   2           1.19695
     1   3           1.25858
     1   4           1.09043
     1   5           1.11782
     ATOMS       BOND LENGTH(A)
     1   2           1.18292
     1   3           1.28197
     1   4           1.06768
     1   5           1.07767
     ATOMS       BOND LENGTH(A)
     1   2           1.12602
     1   3           1.25238
     1   4           1.03085
     1   5           1.04269
     ATOMS       BOND LENGTH(A)
     1   2           1.08908
     1   3           1.19542
     1   4           1.00809
     1   5           0.99890
     ATOMS       BOND LENGTH(A)
     1   2           1.03889
     1   3           1.12029
     1   4           1.01643
     1   5           1.00571
     ATOMS       BOND LENGTH(A)
     1   2           1.03033
     1   3           1.05344
     1   4           1.04002
     1   5           1.06049
     ATOMS       BOND LENGTH(A)
     1   2           1.06550
     1   3           1.00351
     1   4           1.11535
     1   5           1.11445
     ATOMS       BOND LENGTH(A)
     1   2           1.09132
     1   3           0.99694
     1   4           1.21097
     1   5           1.19070
     ATOMS       BOND LENGTH(A)
     1   2           1.12386
     1   3           1.01467
     1   4           1.26547
     1   5           1.23168
     ATOMS       BOND LENGTH(A)
     1   2           1.12243
     1   3           1.03898
     1   4           1.26827
     1   5           1.23054
     ATOMS       BOND LENGTH(A)
     1   2           1.09856
     1   3           1.05292
     1   4           1.17675
     1   5           1.21504
     ATOMS       BOND LENGTH(A)
     1   2           1.09783
     1   3           1.08936
     1   4           1.06204
     1   5           1.11110
     ATOMS       BOND LENGTH(A)
     1   2           1.09206
     1   3           1.11747
     1   4           0.96672
     1   5           1.05573
     ATOMS       BOND LENGTH(A)
     1   2           1.10335
     1   3           1.15795
     1   4           0.96765
     1   5           0.99048
     ATOMS       BOND LENGTH(A)
     1   2           1.10496
     1   3           1.19381
     1   4           1.03993
     1   5           0.99729
     ATOMS       BOND LENGTH(A)
     1   2           1.09558
     1   3           1.20357
     1   4           1.13420
     1   5           1.06139
     ATOMS       BOND LENGTH(A)
     1   2           1.10928
     1   3           1.23373
     1   4           1.21084
     1   5           1.09016
     ATOMS       BOND LENGTH(A)
     1   2           1.11154
     1   3           1.18907
     1   4           1.27223
     1   5           1.12222
     ATOMS       BOND LENGTH(A)
     1   2           1.10344
     1   3           1.13381
     1   4           1.24310
     1   5           1.13480
     ATOMS       BOND LENGTH(A)
     1   2           1.08236
     1   3           1.01706
     1   4           1.19345
     1   5           1.11981
     ATOMS       BOND LENGTH(A)
     1   2           1.06338
     1   3           0.94778
     1   4           1.09149
     1   5           1.12372
     ATOMS       BOND LENGTH(A)
     1   2           1.05026
     1   3           0.99609
     1   4           1.03055
     1   5           1.11896
     ATOMS       BOND LENGTH(A)
     1   2           1.05719
     1   3           1.12813
     1   4           1.01029
     1   5           1.12111
     ATOMS       BOND LENGTH(A)
     1   2           1.07253
     1   3           1.23315
     1   4           1.01799
     1   5           1.14286
     ATOMS       BOND LENGTH(A)
     1   2           1.08112
     1   3           1.31406
     1   4           1.03388
     1   5           1.13659
     ATOMS       BOND LENGTH(A)
     1   2           1.10618
     1   3           1.28814
     1   4           1.05123
     1   5           1.13920
     ATOMS       BOND LENGTH(A)
     1   2           1.11505
     1   3           1.23684
     1   4           1.07436
     1   5           1.09684
     ATOMS       BOND LENGTH(A)
     1   2           1.12391
     1   3           1.06778
     1   4           1.11506
     1   5           1.06708
     ATOMS       BOND LENGTH(A)
     1   2           1.10828
     1   3           0.96266
     1   4           1.14186
     1   5           1.03152
     ATOMS       BOND LENGTH(A)
     1   2           1.09214
     1   3           0.96532
     1   4           1.18043
     1   5           1.01562
     ATOMS       BOND LENGTH(A)
     1   2           1.11125
     1   3           1.06575
     1   4           1.21921
     1   5           1.04445
     ATOMS       BOND LENGTH(A)
     1   2           1.13075
     1   3           1.18304
     1   4           1.24409
     1   5           1.07347
     ATOMS       BOND LENGTH(A)
     1   2           1.13354
     1   3           1.26684
     1   4           1.21261
     1   5           1.09382
     ATOMS       BOND LENGTH(A)
     1   2           1.12951
     1   3           1.26102
     1   4           1.12203
     1   5           1.10479
     ATOMS       BOND LENGTH(A)
     1   2           1.08454
     1   3           1.23912
     1   4           1.01315
     1   5           1.10084
     ATOMS       BOND LENGTH(A)
     1   2           1.05857
     1   3           1.15098
     1   4           0.96100
     1   5           1.10454
     ATOMS       BOND LENGTH(A)
     1   2           1.03202
     1   3           1.08428
     1   4           1.00128
     1   5           1.10294
     ATOMS       BOND LENGTH(A)
     1   2           1.02818
     1   3           1.00607
     1   4           1.10663
     1   5           1.10899
     ATOMS       BOND LENGTH(A)
     1   2           1.06409
     1   3           0.98467
     1   4           1.19836
     1   5           1.12471
     ATOMS       BOND LENGTH(A)
     1   2           1.09279
     1   3           1.01478
     1   4           1.26800
     1   5           1.14462
     ATOMS       BOND LENGTH(A)
     1   2           1.13243
     1   3           1.04991
     1   4           1.29309
     1   5           1.16685
     ATOMS       BOND LENGTH(A)
     1   2           1.13929
     1   3           1.07847
     1   4           1.25459
     1   5           1.15822
     ATOMS       BOND LENGTH(A)
     1   2           1.10769
     1   3           1.13454
     1   4           1.14861
     1   5           1.10607
     ATOMS       BOND LENGTH(A)
     1   2           1.09106
     1   3           1.14542
     1   4           1.01126
     1   5           1.05780
     ATOMS       BOND LENGTH(A)
     1   2           1.08210
     1   3           1.18629
     1   4           0.94279
     1   5           1.02454
     ATOMS       BOND LENGTH(A)
     1   2           1.10587
     1   3           1.18633
     1   4           1.00296
     1   5           1.03405
     ATOMS       BOND LENGTH(A)
     1   2           1.12707
     1   3           1.20404
     1   4           1.10514
     1   5           1.05145
     ATOMS       BOND LENGTH(A)
     1   2           1.13664
     1   3           1.19313
     1   4           1.19517
     1   5           1.06267
     ATOMS       BOND LENGTH(A)
     1   2           1.12692
     1   3           1.15146
     1   4           1.26030
     1   5           1.07661
     ATOMS       BOND LENGTH(A)
     1   2           1.08894
     1   3           1.11832
     1   4           1.26575
     1   5           1.08948
     ATOMS       BOND LENGTH(A)
     1   2           1.06018
     1   3           1.02276
     1   4           1.24885
     1   5           1.09523
     ATOMS       BOND LENGTH(A)
     1   2           1.03783
     1   3           0.96879
     1   4           1.15377
     1   5           1.09795
     ATOMS       BOND LENGTH(A)
     1   2           1.02199
     1   3           0.99515
     1   4           1.05869
     1   5           1.09363
     ATOMS       BOND LENGTH(A)
     1   2           1.05555
     1   3           1.07794
     1   4           0.98992
     1   5           1.12157
     ATOMS       BOND LENGTH(A)
     1   2           1.08643
     1   3           1.19698
     1   4           0.98212
     1   5           1.17772
     ATOMS       BOND LENGTH(A)
     1   2           1.11781
     1   3           1.29239
     1   4           1.01289
     1   5           1.18973
     ATOMS       BOND LENGTH(A)
     1   2           1.13533
     1   3           1.29194
     1   4           1.04621
     1   5           1.18371
     ATOMS       BOND LENGTH(A)
     1   2           1.12314
     1   3           1.25415
     1   4           1.07464
     1   5           1.13260
     ATOMS       BOND LENGTH(A)
     1   2           1.12874
     1   3           1.10893
     1   4           1.12434
     1   5           1.07265
     ATOMS       BOND LENGTH(A)
     1   2           1.11292
     1   3           0.99963
     1   4           1.16104
     1   5           1.03125
     ATOMS       BOND LENGTH(A)
     1   2           1.11930
     1   3           0.94680
     1   4           1.18462
     1   5           1.00711
     ATOMS       BOND LENGTH(A)
     1   2           1.11971
     1   3           1.01329
     1   4           1.20844
     1   5           1.01379
     ATOMS       BOND LENGTH(A)
     1   2           1.10193
     1   3           1.15834
     1   4           1.20189
     1   5           1.05104
     ATOMS       BOND LENGTH(A)
     1   2           1.10994
     1   3           1.25066
     1   4           1.19862
     1   5           1.08024
     ATOMS       BOND LENGTH(A)
     1   2           1.09897
     1   3           1.28606
     1   4           1.14257
     1   5           1.11557
     ATOMS       BOND LENGTH(A)
     1   2           1.06423
     1   3           1.25797
     1   4           1.07337
     1   5           1.12185
     ATOMS       BOND LENGTH(A)
     1   2           1.04759
     1   3           1.16208
     1   4           0.98048
     1   5           1.10829
     ATOMS       BOND LENGTH(A)
     1   2           1.01221
     1   3           1.08183
     1   4           0.95575
     1   5           1.13162
     ATOMS       BOND LENGTH(A)
     1   2           1.03198
     1   3           1.01323
     1   4           1.02945
     1   5           1.13832
     ATOMS       BOND LENGTH(A)
     1   2           1.07712
     1   3           1.00424
     1   4           1.13643
     1   5           1.16393
     ATOMS       BOND LENGTH(A)
     1   2           1.11361
     1   3           1.02824
     1   4           1.22569
     1   5           1.16355
     ATOMS       BOND LENGTH(A)
     1   2           1.16001
     1   3           1.02722
     1   4           1.28811
     1   5           1.14994
     ATOMS       BOND LENGTH(A)
     1   2           1.16583
     1   3           1.05504
     1   4           1.27167
     1   5           1.13048
     ATOMS       BOND LENGTH(A)
     1   2           1.16170
     1   3           1.08918
     1   4           1.22547
     1   5           1.07860
     ATOMS       BOND LENGTH(A)
     1   2           1.15135
     1   3           1.11807
     1   4           1.07604
     1   5           1.04355
     ATOMS       BOND LENGTH(A)
     1   2           1.10882
     1   3           1.15506
     1   4           0.96794
     1   5           1.01221
     ATOMS       BOND LENGTH(A)
     1   2           1.09365
     1   3           1.17616
     1   4           0.96404
     1   5           1.00882
     ATOMS       BOND LENGTH(A)
     1   2           1.08950
     1   3           1.20917
     1   4           1.06480
     1   5           1.04624
     ATOMS       BOND LENGTH(A)
     1   2           1.10431
     1   3           1.21156
     1   4           1.19522
     1   5           1.09091
     ATOMS       BOND LENGTH(A)
     1   2           1.10617
     1   3           1.19141
     1   4           1.26071
     1   5           1.10760
     ATOMS       BOND LENGTH(A)
     1   2           1.05446
     1   3           1.12973
     1   4           1.26489
     1   5           1.14153
     ATOMS       BOND LENGTH(A)
     1   2           1.02346
     1   3           1.04730
     1   4           1.23303
     1   5           1.11906
     ATOMS       BOND LENGTH(A)
     1   2           1.00339
     1   3           0.99234
     1   4           1.16499
     1   5           1.11461
     ATOMS       BOND LENGTH(A)
     1   2           1.03090
     1   3           0.98754
     1   4           1.09862
     1   5           1.09894
     ATOMS       BOND LENGTH(A)
     1   2           1.10735
     1   3           1.02178
     1   4           1.01468
     1   5           1.10970
     ATOMS       BOND LENGTH(A)
     1   2           1.16116
     1   3           1.09719
     1   4           0.98582
     1   5           1.13436
     ATOMS       BOND LENGTH(A)
     1   2           1.21727
     1   3           1.18284
     1   4           1.01494
     1   5           1.14360
     ATOMS       BOND LENGTH(A)
     1   2           1.24116
     1   3           1.24547
     1   4           1.05374
     1   5           1.16253
     ATOMS       BOND LENGTH(A)
     1   2           1.22761
     1   3           1.26787
     1   4           1.08335
     1   5           1.12833
     ATOMS       BOND LENGTH(A)
     1   2           1.16134
     1   3           1.21209
     1   4           1.10241
     1   5           1.09266
     ATOMS       BOND LENGTH(A)
     1   2           1.06258
     1   3           1.12645
     1   4           1.09135
     1   5           1.04559
     ATOMS       BOND LENGTH(A)
     1   2           0.99194
     1   3           1.03252
     1   4           1.12243
     1   5           0.99966
     ATOMS       BOND LENGTH(A)
     1   2           0.99204
     1   3           0.97976
     1   4           1.15265
     1   5           1.00542
     ATOMS       BOND LENGTH(A)
     1   2           1.03080
     1   3           0.99237
     1   4           1.19230
     1   5           1.06004
     ATOMS       BOND LENGTH(A)
     1   2           1.10613
     1   3           1.04500
     1   4           1.21480
     1   5           1.10813
     ATOMS       BOND LENGTH(A)
     1   2           1.15982
     1   3           1.09471
     1   4           1.22219
     1   5           1.17523
     ATOMS       BOND LENGTH(A)
     1   2           1.20694
     1   3           1.15176
     1   4           1.20673
     1   5           1.17919
     ATOMS       BOND LENGTH(A)
     1   2           1.22579
     1   3           1.17231
     1   4           1.12785
     1   5           1.18098
     ATOMS       BOND LENGTH(A)
     1   2           1.19977
     1   3           1.16056
     1   4           1.02268
     1   5           1.14872
     ATOMS       BOND LENGTH(A)
     1   2           1.15407
     1   3           1.13250
     1   4           0.93169
     1   5           1.11070
     ATOMS       BOND LENGTH(A)
     1   2           1.09360
     1   3           1.10617
     1   4           1.00591
     1   5           1.08278
     ATOMS       BOND LENGTH(A)
     1   2           1.04652
     1   3           1.10648
     1   4           1.19081
     1   5           1.03905
     ATOMS       BOND LENGTH(A)
     1   2           1.01521
     1   3           1.09646
     1   4           1.31698
     1   5           1.03476
     ATOMS       BOND LENGTH(A)
     1   2           1.00096
     1   3           1.09305
     1   4           1.33424
     1   5           1.03467
     ATOMS       BOND LENGTH(A)
     1   2           1.00936
     1   3           1.08711
     1   4           1.26848
     1   5           1.03712
     ATOMS       BOND LENGTH(A)
     1   2           1.06367
     1   3           1.05166
     1   4           1.14110
     1   5           1.06400
     ATOMS       BOND LENGTH(A)
     1   2           1.10124
     1   3           1.05423
     1   4           1.02216
     1   5           1.09812
     ATOMS       BOND LENGTH(A)
     1   2           1.14875
     1   3           1.07530
     1   4           0.94471
     1   5           1.12044
     ATOMS       BOND LENGTH(A)
     1   2           1.18240
     1   3           1.08911
     1   4           0.97331
     1   5           1.16792
     ATOMS       BOND LENGTH(A)
     1   2           1.20626
     1   3           1.13255
     1   4           1.07463
     1   5           1.17257
     ATOMS       BOND LENGTH(A)
     1   2           1.22924
     1   3           1.12997
     1   4           1.15742
     1   5           1.19516
     ATOMS       BOND LENGTH(A)
     1   2           1.19009
     1   3           1.13501
     1   4           1.21180
     1   5           1.16432
     ATOMS       BOND LENGTH(A)
     1   2           1.11934
     1   3           1.11048
     1   4           1.20269
     1   5           1.11709
     ATOMS       BOND LENGTH(A)
     1   2           1.02291
     1   3           1.06602
     1   4           1.18208
     1   5           1.06675
     ATOMS       BOND LENGTH(A)
     1   2           0.96172
     1   3           1.05119
     1   4           1.16817
     1   5           1.01820
     ATOMS       BOND LENGTH(A)
     1   2           0.98397
     1   3           1.04890
     1   4           1.16096
     1   5           1.00923
     ATOMS       BOND LENGTH(A)
     1   2           1.08000
     1   3           1.07242
     1   4           1.14638
     1   5           1.02683
     ATOMS       BOND LENGTH(A)
     1   2           1.15853
     1   3           1.13929
     1   4           1.10229
     1   5           1.06100
     ATOMS       BOND LENGTH(A)
     1   2           1.26484
     1   3           1.14023
     1   4           1.05674
     1   5           1.11673
     ATOMS       BOND LENGTH(A)
     1   2           1.26806
     1   3           1.16013
     1   4           1.01159
     1   5           1.16793
     ATOMS       BOND LENGTH(A)
     1   2           1.24987
     1   3           1.13640
     1   4           0.98801
     1   5           1.16176
     ATOMS       BOND LENGTH(A)
     1   2           1.12837
     1   3           1.09497
     1   4           0.99501
     1   5           1.15497
     ATOMS       BOND LENGTH(A)
     1   2           1.02896
     1   3           1.08140
     1   4           1.02834
     1   5           1.10882
     ATOMS       BOND LENGTH(A)
     1   2           0.99016
     1   3           1.04618
     1   4           1.11138
     1   5           1.10382
     ATOMS       BOND LENGTH(A)
     1   2           1.00797
     1   3           1.06050
     1   4           1.19213
     1   5           1.11524
     ATOMS       BOND LENGTH(A)
     1   2           1.05197
     1   3           1.08885
     1   4           1.24500
     1   5           1.11405
     ATOMS       BOND LENGTH(A)
     1   2           1.10029
     1   3           1.10033
     1   4           1.26391
     1   5           1.11078
     ATOMS       BOND LENGTH(A)
     1   2           1.13188
     1   3           1.12643
     1   4           1.22234
     1   5           1.09799
     ATOMS       BOND LENGTH(A)
     1   2           1.17103
     1   3           1.11565
     1   4           1.17295
     1   5           1.07976
     ATOMS       BOND LENGTH(A)
     1   2           1.19833
     1   3           1.10137
     1   4           1.04963
     1   5           1.07495
     ATOMS       BOND LENGTH(A)
     1   2           1.18663
     1   3           1.09836
     1   4           0.97215
     1   5           1.04101
     ATOMS       BOND LENGTH(A)
     1   2           1.17000
     1   3           1.07926
     1   4           0.97724
     1   5           1.02335
     ATOMS       BOND LENGTH(A)
     1   2           1.13340
     1   3           1.08350
     1   4           1.07352
     1   5           1.05695
     ATOMS       BOND LENGTH(A)
     1   2           1.12221
     1   3           1.08887
     1   4           1.20288
     1   5           1.08254
     ATOMS       BOND LENGTH(A)
     1   2           1.06446
     1   3           1.08632
     1   4           1.29580
     1   5           1.12250
     ATOMS       BOND LENGTH(A)
     1   2           1.03006
     1   3           1.08629
     1   4           1.29675
     1   5           1.11275
     ATOMS       BOND LENGTH(A)
     1   2           0.99631
     1   3           1.05704
     1   4           1.25670
     1   5           1.10140
     ATOMS       BOND LENGTH(A)
     1   2           1.00721
     1   3           1.05941
     1   4           1.12817
     1   5           1.11145
     ATOMS       BOND LENGTH(A)
     1   2           1.05890
     1   3           1.07629
     1   4           1.03759
     1   5           1.11708
     ATOMS       BOND LENGTH(A)
     1   2           1.12046
     1   3           1.11028
     1   4           0.96261
     1   5           1.14392
     ATOMS       BOND LENGTH(A)
     1   2           1.17467
     1   3           1.15075
     1   4           0.98829
     1   5           1.16139
     ATOMS       BOND LENGTH(A)
     1   2           1.21343
     1   3           1.14627
     1   4           1.08411
     1   5           1.16558
     ATOMS       BOND LENGTH(A)
     1   2           1.22902
     1   3           1.15640
     1   4           1.13678
     1   5           1.16821
     ATOMS       BOND LENGTH(A)
     1   2           1.22717
     1   3           1.13142
     1   4           1.16808
     1   5           1.12105
     ATOMS       BOND LENGTH(A)
     1   2           1.14442
     1   3           1.09632
     1   4           1.18230
     1   5           1.05524
     ATOMS       BOND LENGTH(A)
     1   2           1.04433
     1   3           1.05388
     1   4           1.15796
     1   5           0.98681
     ATOMS       BOND LENGTH(A)
     1   2           0.96620
     1   3           1.02167
     1   4           1.15561
     1   5           0.97029
     ATOMS       BOND LENGTH(A)
     1   2           0.98260
     1   3           1.03376
     1   4           1.14625
     1   5           1.05197
     ATOMS       BOND LENGTH(A)
     1   2           1.07687
     1   3           1.06228
     1   4           1.16131
     1   5           1.14871
     ATOMS       BOND LENGTH(A)
     1   2           1.17811
     1   3           1.09099
     1   4           1.15649
     1   5           1.22204
     ATOMS       BOND LENGTH(A)
     1   2           1.22179
     1   3           1.11073
     1   4           1.13536
     1   5           1.26026
     ATOMS       BOND LENGTH(A)
     1   2           1.24044
     1   3           1.10612
     1   4           1.10181
     1   5           1.23355
     ATOMS       BOND LENGTH(A)
     1   2           1.22029
     1   3           1.11158
     1   4           1.01751
     1   5           1.19236
     ATOMS       BOND LENGTH(A)
     1   2           1.16785
     1   3           1.11567
     1   4           0.97669
     1   5           1.08595
     ATOMS       BOND LENGTH(A)
     1   2           1.09328
     1   3           1.09623
     1   4           0.99004
     1   5           1.01565
     ATOMS       BOND LENGTH(A)
     1   2           1.03526
     1   3           1.10366
     1   4           1.04711
     1   5           0.98027
     ATOMS       BOND LENGTH(A)
     1   2           1.02458
     1   3           1.10940
     1   4           1.17823
     1   5           1.01195
     ATOMS       BOND LENGTH(A)
     1   2           1.04908
     1   3           1.13253
     1   4           1.26135
     1   5           1.07424
     ATOMS       BOND LENGTH(A)
     1   2           1.05670
     1   3           1.14224
     1   4           1.30136
     1   5           1.13055
     ATOMS       BOND LENGTH(A)
     1   2           1.05911
     1   3           1.13083
     1   4           1.27134
     1   5           1.14043
     ATOMS       BOND LENGTH(A)
     1   2           1.04114
     1   3           1.10576
     1   4           1.15933
     1   5           1.15766
     ATOMS       BOND LENGTH(A)
     1   2           1.06809
     1   3           1.07352
     1   4           1.03722
     1   5           1.14366
     ATOMS       BOND LENGTH(A)
     1   2           1.11789
     1   3           1.05303
     1   4           0.93870
     1   5           1.15480
     ATOMS       BOND LENGTH(A)
     1   2           1.16861
     1   3           1.04731
     1   4           0.97970
     1   5           1.15206
     ATOMS       BOND LENGTH(A)
     1   2           1.19383
     1   3           1.03805
     1   4           1.12873
     1   5           1.15550
     ATOMS       BOND LENGTH(A)
     1   2           1.21006
     1   3           1.05759
     1   4           1.22730
     1   5           1.15697
     ATOMS       BOND LENGTH(A)
     1   2           1.19767
     1   3           1.09242
     1   4           1.28904
     1   5           1.11793
     ATOMS       BOND LENGTH(A)
     1   2           1.15116
     1   3           1.09191
     1   4           1.27449
     1   5           1.07958
     ATOMS       BOND LENGTH(A)
     1   2           1.08021
     1   3           1.08467
     1   4           1.20514
     1   5           1.00552
     ATOMS       BOND LENGTH(A)
     1   2           0.99991
     1   3           1.07878
     1   4           1.11089
     1   5           0.97767
     ATOMS       BOND LENGTH(A)
     1   2           0.98891
     1   3           1.08702
     1   4           1.00035
     1   5           1.02277
     ATOMS       BOND LENGTH(A)
     1   2           1.02756
     1   3           1.12280
     1   4           0.97903
     1   5           1.09801
     ATOMS       BOND LENGTH(A)
     1   2           1.09119
     1   3           1.16191
     1   4           1.00791
     1   5           1.17106
     ATOMS       BOND LENGTH(A)
     1   2           1.14915
     1   3           1.19037
     1   4           1.05281
     1   5           1.22874
     ATOMS       BOND LENGTH(A)
     1   2           1.16663
     1   3           1.20602
     1   4           1.10765
     1   5           1.22828
     ATOMS       BOND LENGTH(A)
     1   2           1.17744
     1   3           1.17426
     1   4           1.12992
     1   5           1.22025
     ATOMS       BOND LENGTH(A)
     1   2           1.17471
     1   3           1.12560
     1   4           1.12549
     1   5           1.14299
     ATOMS       BOND LENGTH(A)
     1   2           1.14619
     1   3           1.01934
     1   4           1.12671
     1   5           1.07250
     ATOMS       BOND LENGTH(A)
     1   2           1.12710
     1   3           0.96694
     1   4           1.11465
     1   5           0.99304
     ATOMS       BOND LENGTH(A)
     1   2           1.09015
     1   3           1.02509
     1   4           1.13496
     1   5           0.96994
     ATOMS       BOND LENGTH(A)
     1   2           1.08660
     1   3           1.12662
     1   4           1.15145
     1   5           1.01541
     ATOMS       BOND LENGTH(A)
     1   2           1.07267
     1   3           1.20921
     1   4           1.17681
     1   5           1.07640
     ATOMS       BOND LENGTH(A)
     1   2           1.05977
     1   3           1.23681
     1   4           1.17155
     1   5           1.14298
     ATOMS       BOND LENGTH(A)
     1   2           1.06646
     1   3           1.20576
     1   4           1.11173
     1   5           1.19916
     ATOMS       BOND LENGTH(A)
     1   2           1.02273
     1   3           1.17334
     1   4           1.07543
     1   5           1.22889
     ATOMS       BOND LENGTH(A)
     1   2           1.01759
     1   3           1.11536
     1   4           1.00712
     1   5           1.21817
     ATOMS       BOND LENGTH(A)
     1   2           1.03776
     1   3           1.06470
     1   4           0.98328
     1   5           1.15612
     ATOMS       BOND LENGTH(A)
     1   2           1.06690
     1   3           1.03121
     1   4           1.02295
     1   5           1.07994
     ATOMS       BOND LENGTH(A)
     1   2           1.16382
     1   3           1.02071
     1   4           1.09205
     1   5           1.03982
     ATOMS       BOND LENGTH(A)
     1   2           1.22718
     1   3           1.03926
     1   4           1.17802
     1   5           1.05258
     ATOMS       BOND LENGTH(A)
     1   2           1.26997
     1   3           1.05587
     1   4           1.23242
     1   5           1.06951
     ATOMS       BOND LENGTH(A)
     1   2           1.25751
     1   3           1.06582
     1   4           1.23459
     1   5           1.07159
     ATOMS       BOND LENGTH(A)
     1   2           1.16177
     1   3           1.09144
     1   4           1.20796
     1   5           1.05004
     ATOMS       BOND LENGTH(A)
     1   2           1.05764
     1   3           1.10532
     1   4           1.14096
     1   5           1.04276
     ATOMS       BOND LENGTH(A)
     1   2           0.94226
     1   3           1.12519
     1   4           1.09933
     1   5           1.05154
     ATOMS       BOND LENGTH(A)
     1   2           0.96955
     1   3           1.13725
     1   4           1.04423
     1   5           1.07863
     ATOMS       BOND LENGTH(A)
     1   2           1.13781
     1   3           1.12858
     1   4           1.00105
     1   5           1.11482
     ATOMS       BOND LENGTH(A)
     1   2           1.23335
     1   3           1.14448
     1   4           1.00973
     1   5           1.16540
     ATOMS       BOND LENGTH(A)
     1   2           1.30121
     1   3           1.15623
     1   4           1.02861
     1   5           1.18615
     ATOMS       BOND LENGTH(A)
     1   2           1.27528
     1   3           1.14266
     1   4           1.04457
     1   5           1.18563
     ATOMS       BOND LENGTH(A)
     1   2           1.19800
     1   3           1.10682
     1   4           1.06567
     1   5           1.12086
     ATOMS       BOND LENGTH(A)
     1   2           1.09262
     1   3           1.05000
     1   4           1.08370
     1   5           1.06774
     ATOMS       BOND LENGTH(A)
     1   2           0.97631
     1   3           1.02274
     1   4           1.13110
     1   5           1.05939
     ATOMS       BOND LENGTH(A)
     1   2           0.96693
     1   3           1.02104
     1   4           1.19145
     1   5           1.06223
     ATOMS       BOND LENGTH(A)
     1   2           1.04068
     1   3           1.04545
     1   4           1.22799
     1   5           1.08556
     ATOMS       BOND LENGTH(A)
     1   2           1.10848
     1   3           1.09655
     1   4           1.25094
     1   5           1.09737
     ATOMS       BOND LENGTH(A)
     1   2           1.18986
     1   3           1.14162
     1   4           1.21270
     1   5           1.08835
     ATOMS       BOND LENGTH(A)
     1   2           1.20736
     1   3           1.15956
     1   4           1.15326
     1   5           1.08741
     ATOMS       BOND LENGTH(A)
     1   2           1.19504
     1   3           1.14993
     1   4           1.04449
     1   5           1.07304
     ATOMS       BOND LENGTH(A)
     1   2           1.18400
     1   3           1.11120
     1   4           0.94439
     1   5           1.06083
     ATOMS       BOND LENGTH(A)
     1   2           1.13348
     1   3           1.06875
     1   4           0.97793
     1   5           1.06614
     ATOMS       BOND LENGTH(A)
     1   2           1.11452
     1   3           1.07020
     1   4           1.12940
     1   5           1.06712
     ATOMS       BOND LENGTH(A)
     1   2           1.06874
     1   3           1.09236
     1   4           1.26100
     1   5           1.09970
     ATOMS       BOND LENGTH(A)
     1   2           1.05463
     1   3           1.10170
     1   4           1.33994
     1   5           1.09517
     ATOMS       BOND LENGTH(A)
     1   2           1.04297
     1   3           1.09192
     1   4           1.29367
     1   5           1.09391
     ATOMS       BOND LENGTH(A)
     1   2           1.01825
     1   3           1.07767
     1   4           1.19337
     1   5           1.11455
     ATOMS       BOND LENGTH(A)
     1   2           1.03222
     1   3           1.07063
     1   4           1.02727
     1   5           1.14231
     ATOMS       BOND LENGTH(A)
     1   2           1.05509
     1   3           1.08175
     1   4           0.96254
     1   5           1.16205
     ATOMS       BOND LENGTH(A)
     1   2           1.08796
     1   3           1.10342
     1   4           1.00653
     1   5           1.15365
     ATOMS       BOND LENGTH(A)
     1   2           1.14617
     1   3           1.12362
     1   4           1.08509
     1   5           1.13605
     ATOMS       BOND LENGTH(A)
     1   2           1.16906
     1   3           1.14359
     1   4           1.16691
     1   5           1.10795
     ATOMS       BOND LENGTH(A)
     1   2           1.18155
     1   3           1.12710
     1   4           1.22878
     1   5           1.06647
     ATOMS       BOND LENGTH(A)
     1   2           1.16562
     1   3           1.08502
     1   4           1.22185
     1   5           1.03850
     ATOMS       BOND LENGTH(A)
     1   2           1.11680
     1   3           1.03760
     1   4           1.21466
     1   5           1.00409
     ATOMS       BOND LENGTH(A)
     1   2           1.08281
     1   3           1.03527
     1   4           1.15530
     1   5           0.99732
     ATOMS       BOND LENGTH(A)
     1   2           1.03681
     1   3           1.07433
     1   4           1.12574
     1   5           1.04187
     ATOMS       BOND LENGTH(A)
     1   2           1.05083
     1   3           1.14134
     1   4           1.07321
     1   5           1.09619
     ATOMS       BOND LENGTH(A)
     1   2           1.08787
     1   3           1.16628
     1   4           1.05354
     1   5           1.16628
     ATOMS       BOND LENGTH(A)
     1   2           1.09638
     1   3           1.17736
     1   4           1.04519
     1   5           1.23170
     ATOMS       BOND LENGTH(A)
     1   2           1.12800
     1   3           1.16198
     1   4           1.02136
     1   5           1.26781
     ATOMS       BOND LENGTH(A)
     1   2           1.10700
     1   3           1.12803
     1   4           1.03011
     1   5           1.25396
     ATOMS       BOND LENGTH(A)
     1   2           1.08783
     1   3           1.09466
     1   4           1.04493
     1   5           1.14860
     ATOMS       BOND LENGTH(A)
     1   2           1.08363
     1   3           1.05024
     1   4           1.05677
     1   5           1.01313
     ATOMS       BOND LENGTH(A)
     1   2           1.08174
     1   3           1.04059
     1   4           1.09588
     1   5           0.94009
     ATOMS       BOND LENGTH(A)
     1   2           1.10037
     1   3           1.04711
     1   4           1.14423
     1   5           1.03832
     ATOMS       BOND LENGTH(A)
     1   2           1.12704
     1   3           1.05889
     1   4           1.18892
     1   5           1.19414
     ATOMS       BOND LENGTH(A)
     1   2           1.13722
     1   3           1.07402
     1   4           1.21835
     1   5           1.28792
     ATOMS       BOND LENGTH(A)
     1   2           1.14107
     1   3           1.07859
     1   4           1.20411
     1   5           1.29990
     ATOMS       BOND LENGTH(A)
     1   2           1.09963
     1   3           1.07916
     1   4           1.17074
     1   5           1.24882
     ATOMS       BOND LENGTH(A)
     1   2           1.06978
     1   3           1.10194
     1   4           1.07843
     1   5           1.12755
     ATOMS       BOND LENGTH(A)
     1   2           1.04124
     1   3           1.10528
     1   4           1.01881
     1   5           1.00654
     ATOMS       BOND LENGTH(A)
     1   2           1.04515
     1   3           1.12395
     1   4           0.98717
     1   5           0.95013
     ATOMS       BOND LENGTH(A)
     1   2           1.08807
     1   3           1.14213
     1   4           1.00562
     1   5           1.02321
     ATOMS       BOND LENGTH(A)
     1   2           1.09732
     1   3           1.16054
     1   4           1.07849
     1   5           1.16246
     ATOMS       BOND LENGTH(A)
     1   2           1.12899
     1   3           1.18162
     1   4           1.12199
     1   5           1.23423
     ATOMS       BOND LENGTH(A)
     1   2           1.12652
     1   3           1.15373
     1   4           1.15691
     1   5           1.25348
     ATOMS       BOND LENGTH(A)
     1   2           1.09746
     1   3           1.12572
     1   4           1.16225
     1   5           1.19592
     ATOMS       BOND LENGTH(A)
     1   2           1.08021
     1   3           1.04873
     1   4           1.14118
     1   5           1.11496
     ATOMS       BOND LENGTH(A)
     1   2           1.05681
     1   3           0.99607
     1   4           1.11831
     1   5           1.05088
     ATOMS       BOND LENGTH(A)
     1   2           1.06053
     1   3           0.99342
     1   4           1.09924
     1   5           1.02461
     ATOMS       BOND LENGTH(A)
     1   2           1.09500
     1   3           1.05698
     1   4           1.10974
     1   5           1.04042
     ATOMS       BOND LENGTH(A)
     1   2           1.12146
     1   3           1.17098
     1   4           1.13568
     1   5           1.07991
     ATOMS       BOND LENGTH(A)
     1   2           1.15790
     1   3           1.27852
     1   4           1.13981
     1   5           1.09469
     ATOMS       BOND LENGTH(A)
     1   2           1.16756
     1   3           1.28155
     1   4           1.12710
     1   5           1.10837
     ATOMS       BOND LENGTH(A)
     1   2           1.13610
     1   3           1.23234
     1   4           1.08216
     1   5           1.09513
     ATOMS       BOND LENGTH(A)
     1   2           1.12502
     1   3           1.06330
     1   4           1.02055
     1   5           1.08440
     ATOMS       BOND LENGTH(A)
     1   2           1.05345
     1   3           0.95695
     1   4           1.00311
     1   5           1.09236
     ATOMS       BOND LENGTH(A)
     1   2           1.03884
     1   3           0.97734
     1   4           1.01767
     1   5           1.09235
     ATOMS       BOND LENGTH(A)
     1   2           1.04607
     1   3           1.08724
     1   4           1.06696
     1   5           1.11444
     ATOMS       BOND LENGTH(A)
     1   2           1.06859
     1   3           1.22519
     1   4           1.14051
     1   5           1.12068
     ATOMS       BOND LENGTH(A)
     1   2           1.10948
     1   3           1.29126
     1   4           1.18478
     1   5           1.12858
     ATOMS       BOND LENGTH(A)
     1   2           1.10564
     1   3           1.30019
     1   4           1.21187
     1   5           1.13497
     ATOMS       BOND LENGTH(A)
     1   2           1.09686
     1   3           1.22584
     1   4           1.19462
     1   5           1.11402
     ATOMS       BOND LENGTH(A)
     1   2           1.08099
     1   3           1.08029
     1   4           1.14973
     1   5           1.08570
     ATOMS       BOND LENGTH(A)
     1   2           1.06496
     1   3           0.95500
     1   4           1.09528
     1   5           1.06304
     ATOMS       BOND LENGTH(A)
     1   2           1.07785
     1   3           0.98437
     1   4           1.06646
     1   5           1.04766
     ATOMS       BOND LENGTH(A)
     1   2           1.10011
     1   3           1.11595
     1   4           1.06027
     1   5           1.06775
     ATOMS       BOND LENGTH(A)
     1   2           1.13450
     1   3           1.24743
     1   4           1.04730
     1   5           1.07730
     ATOMS       BOND LENGTH(A)
     1   2           1.17440
     1   3           1.26396
     1   4           1.03520
     1   5           1.09986
     ATOMS       BOND LENGTH(A)
     1   2           1.13290
     1   3           1.24020
     1   4           1.04478
     1   5           1.12894
     ATOMS       BOND LENGTH(A)
     1   2           1.11971
     1   3           1.17587
     1   4           1.04129
     1   5           1.12172
     ATOMS       BOND LENGTH(A)
     1   2           1.04963
     1   3           1.10678
     1   4           1.05733
     1   5           1.11441
     ATOMS       BOND LENGTH(A)
     1   2           1.02603
     1   3           1.05229
     1   4           1.08663
     1   5           1.06115
     ATOMS       BOND LENGTH(A)
     1   2           1.05442
     1   3           1.00361
     1   4           1.11760
     1   5           1.03829
     ATOMS       BOND LENGTH(A)
     1   2           1.07775
     1   3           1.00554
     1   4           1.19158
     1   5           1.07844
     ATOMS       BOND LENGTH(A)
     1   2           1.12644
     1   3           1.03514
     1   4           1.23507
     1   5           1.14091
     ATOMS       BOND LENGTH(A)
     1   2           1.16022
     1   3           1.06485
     1   4           1.25829
     1   5           1.17960
     ATOMS       BOND LENGTH(A)
     1   2           1.15888
     1   3           1.09727
     1   4           1.20342
     1   5           1.19586
     ATOMS       BOND LENGTH(A)
     1   2           1.16346
     1   3           1.13256
     1   4           1.09365
     1   5           1.14994
     ATOMS       BOND LENGTH(A)
     1   2           1.11727
     1   3           1.14815
     1   4           0.99238
     1   5           1.12108
     ATOMS       BOND LENGTH(A)
     1   2           1.09372
     1   3           1.15612
     1   4           0.95144
     1   5           1.06752
     ATOMS       BOND LENGTH(A)
     1   2           1.06987
     1   3           1.13410
     1   4           1.02539
     1   5           1.03822
     ATOMS       BOND LENGTH(A)
     1   2           1.04446
     1   3           1.10461
     1   4           1.18788
     1   5           1.03221
     ATOMS       BOND LENGTH(A)
     1   2           1.05390
     1   3           1.09697
     1   4           1.28742
     1   5           1.03791
     ATOMS       BOND LENGTH(A)
     1   2           1.04336
     1   3           1.10119
     1   4           1.33735
     1   5           1.06308
     ATOMS       BOND LENGTH(A)
     1   2           1.04982
     1   3           1.10547
     1   4           1.27485
     1   5           1.06575
     ATOMS       BOND LENGTH(A)
     1   2           1.07941
     1   3           1.08051
     1   4           1.15091
     1   5           1.05834
     ATOMS       BOND LENGTH(A)
     1   2           1.09451
     1   3           1.07419
     1   4           1.00637
     1   5           1.09088
     ATOMS       BOND LENGTH(A)
     1   2           1.14108
     1   3           1.07532
     1   4           0.94707
     1   5           1.15783
     ATOMS       BOND LENGTH(A)
     1   2           1.16529
     1   3           1.08595
     1   4           1.01799
     1   5           1.21190
     ATOMS       BOND LENGTH(A)
     1   2           1.18777
     1   3           1.08958
     1   4           1.12223
     1   5           1.22126
     ATOMS       BOND LENGTH(A)
     1   2           1.19385
     1   3           1.09401
     1   4           1.16770
     1   5           1.18417
     ATOMS       BOND LENGTH(A)
     1   2           1.15090
     1   3           1.09098
     1   4           1.21076
     1   5           1.11846
     ATOMS       BOND LENGTH(A)
     1   2           1.10887
     1   3           1.08169
     1   4           1.21170
     1   5           1.02956
     ATOMS       BOND LENGTH(A)
     1   2           1.03497
     1   3           1.05614
     1   4           1.19590
     1   5           0.98317
     ATOMS       BOND LENGTH(A)
     1   2           0.98505
     1   3           1.03522
     1   4           1.17694
     1   5           0.98698
     ATOMS       BOND LENGTH(A)
     1   2           1.00900
     1   3           1.05487
     1   4           1.14432
     1   5           1.03896
     ATOMS       BOND LENGTH(A)
     1   2           1.07073
     1   3           1.10703
     1   4           1.13326
     1   5           1.13922
     ATOMS       BOND LENGTH(A)
     1   2           1.14719
     1   3           1.17909
     1   4           1.08893
     1   5           1.20991
     ATOMS       BOND LENGTH(A)
     1   2           1.21297
     1   3           1.18137
     1   4           1.06953
     1   5           1.23444
     ATOMS       BOND LENGTH(A)
     1   2           1.19726
     1   3           1.17376
     1   4           1.02920
     1   5           1.21817
     ATOMS       BOND LENGTH(A)
     1   2           1.18575
     1   3           1.13578
     1   4           0.98929
     1   5           1.18264
     ATOMS       BOND LENGTH(A)
     1   2           1.11512
     1   3           1.10010
     1   4           0.99920
     1   5           1.13200
     ATOMS       BOND LENGTH(A)
     1   2           1.08220
     1   3           1.06463
     1   4           1.04285
     1   5           1.07735
     ATOMS       BOND LENGTH(A)
     1   2           1.05956
     1   3           1.04043
     1   4           1.10758
     1   5           1.01458
     ATOMS       BOND LENGTH(A)
     1   2           1.04580
     1   3           1.02767
     1   4           1.22519
     1   5           0.98074
     ATOMS       BOND LENGTH(A)
     1   2           1.05968
     1   3           1.05158
     1   4           1.27482
     1   5           1.01836
     ATOMS       BOND LENGTH(A)
     1   2           1.07177
     1   3           1.07720
     1   4           1.30501
     1   5           1.08672
     ATOMS       BOND LENGTH(A)
     1   2           1.07379
     1   3           1.10123
     1   4           1.23121
     1   5           1.16699
     ATOMS       BOND LENGTH(A)
     1   2           1.07897
     1   3           1.09774
     1   4           1.13027
     1   5           1.18857
     ATOMS       BOND LENGTH(A)
     1   2           1.06912
     1   3           1.09815
     1   4           1.00177
     1   5           1.21668
     ATOMS       BOND LENGTH(A)
     1   2           1.09796
     1   3           1.13236
     1   4           0.92925
     1   5           1.22054
     ATOMS       BOND LENGTH(A)
     1   2           1.12858
     1   3           1.13848
     1   4           0.99365
     1   5           1.21018
     ATOMS       BOND LENGTH(A)
     1   2           1.12192
     1   3           1.14893
     1   4           1.15672
     1   5           1.16065
     ATOMS       BOND LENGTH(A)
     1   2           1.13591
     1   3           1.13434
     1   4           1.23130
     1   5           1.08842
     ATOMS       BOND LENGTH(A)
     1   2           1.09976
     1   3           1.11446
     1   4           1.30107
     1   5           1.01771
     ATOMS       BOND LENGTH(A)
     1   2           1.08663
     1   3           1.09001
     1   4           1.25542
     1   5           0.98796
     ATOMS       BOND LENGTH(A)
     1   2           1.07436
     1   3           1.05510
     1   4           1.19802
     1   5           0.98892
     ATOMS       BOND LENGTH(A)
     1   2           1.06782
     1   3           1.02954
     1   4           1.08828
     1   5           1.04802
     ATOMS       BOND LENGTH(A)
     1   2           1.06576
     1   3           1.02972
     1   4           1.01758
     1   5           1.14889
     ATOMS       BOND LENGTH(A)
     1   2           1.07852
     1   3           1.05654
     1   4           1.00154
     1   5           1.24367
     ATOMS       BOND LENGTH(A)
     1   2           1.09672
     1   3           1.10167
     1   4           1.00312
     1   5           1.32144
     ATOMS       BOND LENGTH(A)
     1   2           1.10936
     1   3           1.13766
     1   4           1.02728
     1   5           1.29541
     ATOMS       BOND LENGTH(A)
     1   2           1.10191
     1   3           1.12109
     1   4           1.08288
     1   5           1.20367
     ATOMS       BOND LENGTH(A)
     1   2           1.10795
     1   3           1.14087
     1   4           1.10223
     1   5           1.03655
     ATOMS       BOND LENGTH(A)
     1   2           1.11630
     1   3           1.14293
     1   4           1.14654
     1   5           0.93757
     ATOMS       BOND LENGTH(A)
     1   2           1.12530
     1   3           1.15550
     1   4           1.17132
     1   5           0.97567
     ATOMS       BOND LENGTH(A)
     1   2           1.11248
     1   3           1.15272
     1   4           1.18672
     1   5           1.10238
     ATOMS       BOND LENGTH(A)
     1   2           1.08106
     1   3           1.12612
     1   4           1.20345
     1   5           1.20824
     ATOMS       BOND LENGTH(A)
     1   2           1.06104
     1   3           1.09492
     1   4           1.15994
     1   5           1.28946
     ATOMS       BOND LENGTH(A)
     1   2           1.03968
     1   3           1.04909
     1   4           1.13215
     1   5           1.29104
     ATOMS       BOND LENGTH(A)
     1   2           1.03571
     1   3           1.00855
     1   4           1.05405
     1   5           1.24688
     ATOMS       BOND LENGTH(A)
     1   2           1.05041
     1   3           0.98885
     1   4           1.01083
     1   5           1.12588
     ATOMS       BOND LENGTH(A)
     1   2           1.06594
     1   3           1.02620
     1   4           1.01195
     1   5           1.02453
     ATOMS       BOND LENGTH(A)
     1   2           1.11858
     1   3           1.12465
     1   4           1.03208
     1   5           0.98989
     ATOMS       BOND LENGTH(A)
     1   2           1.16725
     1   3           1.23051
     1   4           1.08653
     1   5           1.00307
     ATOMS       BOND LENGTH(A)
     1   2           1.19466
     1   3           1.26236
     1   4           1.13963
     1   5           1.04345
     ATOMS       BOND LENGTH(A)
     1   2           1.20589
     1   3           1.24526
     1   4           1.14494
     1   5           1.07468
     ATOMS       BOND LENGTH(A)
     1   2           1.17512
     1   3           1.14746
     1   4           1.16192
     1   5           1.09462
     ATOMS       BOND LENGTH(A)
     1   2           1.13907
     1   3           1.06452
     1   4           1.12502
     1   5           1.11659
     ATOMS       BOND LENGTH(A)
     1   2           1.06365
     1   3           0.98927
     1   4           1.10275
     1   5           1.14131
     ATOMS       BOND LENGTH(A)
     1   2           1.00028
     1   3           0.97390
     1   4           1.09531
     1   5           1.14860
     ATOMS       BOND LENGTH(A)
     1   2           0.99759
     1   3           1.02100
     1   4           1.09158
     1   5           1.16559
     ATOMS       BOND LENGTH(A)
     1   2           1.06874
     1   3           1.09370
     1   4           1.11557
     1   5           1.18422
     ATOMS       BOND LENGTH(A)
     1   2           1.15431
     1   3           1.17122
     1   4           1.10849
     1   5           1.21319
     ATOMS       BOND LENGTH(A)
     1   2           1.20405
     1   3           1.20803
     1   4           1.11223
     1   5           1.18029
     ATOMS       BOND LENGTH(A)
     1   2           1.18168
     1   3           1.21952
     1   4           1.09793
     1   5           1.11234
     ATOMS       BOND LENGTH(A)
     1   2           1.14984
     1   3           1.19709
     1   4           1.05567
     1   5           1.01603
     ATOMS       BOND LENGTH(A)
     1   2           1.10870
     1   3           1.17278
     1   4           1.03578
     1   5           0.94602
     ATOMS       BOND LENGTH(A)
     1   2           1.08460
     1   3           1.12233
     1   4           1.02033
     1   5           0.99601
     ATOMS       BOND LENGTH(A)
     1   2           1.07465
     1   3           1.05817
     1   4           1.02444
     1   5           1.14226
     ATOMS       BOND LENGTH(A)
     1   2           1.07258
     1   3           1.01123
     1   4           1.08392
     1   5           1.24271
     ATOMS       BOND LENGTH(A)
     1   2           1.08299
     1   3           1.00490
     1   4           1.12671
     1   5           1.31952
     ATOMS       BOND LENGTH(A)
     1   2           1.08513
     1   3           1.03918
     1   4           1.16977
     1   5           1.29980
     ATOMS       BOND LENGTH(A)
     1   2           1.07017
     1   3           1.07005
     1   4           1.18130
     1   5           1.21954
     ATOMS       BOND LENGTH(A)
     1   2           1.05890
     1   3           1.09451
     1   4           1.17387
     1   5           1.06388
     ATOMS       BOND LENGTH(A)
     1   2           1.06401
     1   3           1.11641
     1   4           1.17243
     1   5           0.94601
     ATOMS       BOND LENGTH(A)
     1   2           1.09287
     1   3           1.14206
     1   4           1.14209
     1   5           0.97792
     ATOMS       BOND LENGTH(A)
     1   2           1.10802
     1   3           1.16462
     1   4           1.13523
     1   5           1.10192
     ATOMS       BOND LENGTH(A)
     1   2           1.11795
     1   3           1.18678
     1   4           1.09449
     1   5           1.18196
     ATOMS       BOND LENGTH(A)
     1   2           1.09103
     1   3           1.16699
     1   4           1.06419
     1   5           1.24825
     ATOMS       BOND LENGTH(A)
     1   2           1.06296
     1   3           1.15337
     1   4           1.03333
     1   5           1.23804
     ATOMS       BOND LENGTH(A)
     1   2           1.06102
     1   3           1.09947
     1   4           1.00686
     1   5           1.22359
     ATOMS       BOND LENGTH(A)
     1   2           1.07123
     1   3           1.05950
     1   4           0.99537
     1   5           1.16390
     ATOMS       BOND LENGTH(A)
     1   2           1.07974
     1   3           1.01429
     1   4           1.04614
     1   5           1.11426
     ATOMS       BOND LENGTH(A)
     1   2           1.11039
     1   3           1.01432
     1   4           1.14005
     1   5           1.06986
     ATOMS       BOND LENGTH(A)
     1   2           1.13039
     1   3           1.05901
     1   4           1.25921
     1   5           1.03083
     ATOMS       BOND LENGTH(A)
     1   2           1.15166
     1   3           1.11415
     1   4           1.29991
     1   5           1.01520
     ATOMS       BOND LENGTH(A)
     1   2           1.15730
     1   3           1.12330
     1   4           1.27468
     1   5           1.00747
     ATOMS       BOND LENGTH(A)
     1   2           1.13934
     1   3           1.14560
     1   4           1.15664
     1   5           1.00995
     ATOMS       BOND LENGTH(A)
     1   2           1.13603
     1   3           1.12597
     1   4           1.01234
     1   5           1.05727
     ATOMS       BOND LENGTH(A)
     1   2           1.09696
     1   3           1.12993
     1   4           0.94705
     1   5           1.11721
     ATOMS       BOND LENGTH(A)
     1   2           1.08756
     1   3           1.14309
     1   4           0.98587
     1   5           1.14595
     ATOMS       BOND LENGTH(A)
     1   2           1.05604
     1   3           1.14569
     1   4           1.08599
     1   5           1.18119
     ATOMS       BOND LENGTH(A)
     1   2           1.03327
     1   3           1.15724
     1   4           1.21076
     1   5           1.18201
     ATOMS       BOND LENGTH(A)
     1   2           1.04864
     1   3           1.12293
     1   4           1.27549
     1   5           1.19121
     ATOMS       BOND LENGTH(A)
     1   2           1.05529
     1   3           1.10445
     1   4           1.28508
     1   5           1.16428
     ATOMS       BOND LENGTH(A)
     1   2           1.05666
     1   3           1.04824
     1   4           1.22199
     1   5           1.12756
     ATOMS       BOND LENGTH(A)
     1   2           1.07910
     1   3           1.00816
     1   4           1.11641
     1   5           1.06554
     ATOMS       BOND LENGTH(A)
     1   2           1.09087
     1   3           1.01472
     1   4           1.02750
     1   5           1.03529
     ATOMS       BOND LENGTH(A)
     1   2           1.13292
     1   3           1.06040
     1   4           1.01307
     1   5           1.02797
     ATOMS       BOND LENGTH(A)
     1   2           1.17292
     1   3           1.11573
     1   4           1.03594
     1   5           1.04672
     ATOMS       BOND LENGTH(A)
     1   2           1.19748
     1   3           1.17617
     1   4           1.05246
     1   5           1.05676
     ATOMS       BOND LENGTH(A)
     1   2           1.22444
     1   3           1.17190
     1   4           1.06135
     1   5           1.08450
     ATOMS       BOND LENGTH(A)
     1   2           1.17717
     1   3           1.16758
     1   4           1.10164
     1   5           1.11417
     ATOMS       BOND LENGTH(A)
     1   2           1.14294
     1   3           1.12903
     1   4           1.12716
     1   5           1.11643
     ATOMS       BOND LENGTH(A)
     1   2           1.01927
     1   3           1.10152
     1   4           1.15474
     1   5           1.10918
     ATOMS       BOND LENGTH(A)
     1   2           0.96136
     1   3           1.08053
     1   4           1.16684
     1   5           1.08535
     ATOMS       BOND LENGTH(A)
     1   2           1.01342
     1   3           1.05976
     1   4           1.17467
     1   5           1.08197
     ATOMS       BOND LENGTH(A)
     1   2           1.12088
     1   3           1.06655
     1   4           1.18781
     1   5           1.11752
     ATOMS       BOND LENGTH(A)
     1   2           1.20151
     1   3           1.06774
     1   4           1.18650
     1   5           1.15534
     ATOMS       BOND LENGTH(A)
     1   2           1.26572
     1   3           1.06442
     1   4           1.14883
     1   5           1.14634
     ATOMS       BOND LENGTH(A)
     1   2           1.23495
     1   3           1.07428
     1   4           1.08651
     1   5           1.12917
     ATOMS       BOND LENGTH(A)
     1   2           1.20592
     1   3           1.05800
     1   4           1.04080
     1   5           1.09665
     ATOMS       BOND LENGTH(A)
     1   2           1.11328
     1   3           1.06939
     1   4           1.01482
     1   5           1.08439
     ATOMS       BOND LENGTH(A)
     1   2           1.05760
     1   3           1.07930
     1   4           1.01070
     1   5           1.05588
     ATOMS       BOND LENGTH(A)
     1   2           1.00904
     1   3           1.08569
     1   4           1.04037
     1   5           1.05047
     ATOMS       BOND LENGTH(A)
     1   2           1.00528
     1   3           1.11944
     1   4           1.11036
     1   5           1.06365
     ATOMS       BOND LENGTH(A)
     1   2           1.04949
     1   3           1.13235
     1   4           1.19943
     1   5           1.09183
     ATOMS       BOND LENGTH(A)
     1   2           1.07687
     1   3           1.15797
     1   4           1.26013
     1   5           1.11820
